981.8006591796875 581.300048828125 -1.5533430342749532
981.8006591796875 581.300048828125 -1.5533430342749532
981.7140502929688 580.2543334960938 -1.6098493204939814
981.2360229492188 573.9612426757812 -1.6105932745444955
981.2673950195312 565.8134155273438 -1.5456512924145867
981.5068359375 557.0050048828125 -1.5471182947010567
981.6182861328125 548.9212036132812 -1.5630364080106234
981.640625 541.6783447265625 -1.5697146839181606
981.6387939453125 533.6238403320312 -1.5713143116269168
981.6319580078125 525.5652465820312 -1.571569042985183
981.6241455078125 517.509765625 -1.5714400128303687
981.6163330078125 509.45245361328125 -1.5715590561310955
981.6085815429688 501.3959655761719 -1.5714381486176054
981.6007690429688 493.3393249511719 -1.5715655808757658
981.593017578125 485.2826843261719 -1.5715533303347515
981.5852661132812 477.2260437011719 -1.5716127188270599
981.5774536132812 469.1694030761719 -1.571777435340482
981.5696411132812 461.1127624511719 -1.5716169798848043
981.5618286132812 453.0561218261719 -1.5717176473740093
981.5540161132812 444.9994812011719 -1.5717176473740093
981.5455322265625 436.1371765136719 -1.5718449464741149
981.5383911132812 428.8861999511719 -1.5717444121429647
981.5305786132812 420.8295593261719 -1.5717151173709738
981.5228881835938 412.7729187011719 -1.5718449464741149
981.5100708007812 404.7162780761719 -1.5736961097478295
981.4412231445312 395.8539733886719 -1.5820107649871658
981.3510131835938 388.60296630859375 -1.5839777757682982
981.2417602539062 380.54632568359375 -1.5844411657979716
981.1175537109375 371.68402099609375 -1.5848707336818018
981.0178833007812 364.43304443359375 -1.5846122738980095
980.9080810546875 356.37640380859375 -1.5847425024753143
980.7960815429688 348.3199462890625 -1.5850054896329597
980.6738891601562 339.4576416015625 -1.5846868424085323
980.5735473632812 332.20703125 -1.5850893792072973
980.4602661132812 324.1510314941406 -1.5849144095236791
980.3385620117188 315.289794921875 -1.5848144078247464
980.2369384765625 308.0397033691406 -1.5846861766182596
980.1244506835938 299.9840393066406 -1.5848437025967375
980.0149536132812 291.9283752441406 -1.584686576092423
979.9014892578125 283.8727111816406 -1.5848700678915293
979.77685546875 275.011474609375 -1.5848700678915293
979.6783447265625 267.7613830566406 -1.5847394398400612
979.5689697265625 259.7057189941406 -1.5847394398400612
979.4535522460938 251.65005493164062 -1.5848966995024303
979.343017578125 243.59439086914062 -1.5846881739890772
979.23193359375 235.53872680664062 -1.5846574144784868
979.1088256835938 226.677490234375 -1.5848923052866317
978.9808959960938 218.62181091308594 -1.5883605399742418
978.7903442382812 210.5677032470703 -1.596758818471807
978.5731811523438 202.51397705078125 -1.5984948000283747
978.3695068359375 195.26564025878906 -1.5991523345015153
978.1181640625 186.4065399169922 -1.5994079979661628
977.9103393554688 179.15821838378906 -1.5992701793797512
977.6818237304688 171.1044921875 -1.5994071990178358
977.4503173828125 163.05088806152344 -1.6004062839007793
977.1738891601562 154.99899291992188 -1.6100429323052303
976.7926635742188 146.95155334472656 -1.6244656806627185
976.325927734375 138.90847778320312 -1.6305055968569637
975.835205078125 130.86671447753906 -1.631907884328945
975.3427734375 122.82524871826172 -1.63229031426148
974.8463134765625 114.78402709960938 -1.6325985751576564
974.3009643554688 105.93863677978516 -1.6324710097414419
973.854736328125 98.70146179199219 -1.6323937780698297
973.2461547851562 90.66966247558594 -1.6692906765503874
972.0371704101562 82.71408081054688 -1.777495044798361
969.431640625 75.19794464111328 -2.130622748491816
962.3392944335938 70.00922393798828 -2.667617091215159
955.498779296875 67.66802978515625 -2.8744080877503944
946.8109130859375 65.9141616821289 -2.983725790492076
938.8140258789062 64.96700286865234 -3.049253401745694
931.585693359375 64.39515686035156 -3.067114690544637
923.548583984375 63.81856155395508 -3.0726074602929256
914.7030029296875 63.27182388305664 -3.084574640967306
907.4608154296875 62.93195724487305 -3.101084641829143
899.407470703125 62.66518020629883 -3.1132635438101843
891.3528442382812 62.467166900634766 -3.118574153339911
883.2981567382812 62.28794860839844 -3.1197352915751857
875.2434692382812 62.113059997558594 -3.1199901560915064
867.1887817382812 61.939823150634766 -3.120118520456048
859.1340942382812 61.76645278930664 -3.1201531415502193
851.0794067382812 61.593406677246094 -3.120147815228039
843.0247192382812 61.420799255371094 -3.120147815228039
834.9700317382812 61.248191833496094 -3.120147815228039
826.1099243164062 61.05678939819336 -3.1198362253805
818.8606567382812 60.89902877807617 -3.1198362253805
810.0005493164062 60.70734405517578 -3.1202303732218315
802.7512817382812 60.55187225341797 -3.120285766972505
794.6965942382812 60.37897491455078 -3.1200924214773655
786.6419067382812 60.20587921142578 -3.1200924214773655
777.7817993164062 60.015472412109375 -3.1200924214773655
769.7271118164062 59.842376708984375 -3.1200924214773655
762.4778442382812 59.68857192993164 -3.121632527535758
753.6177368164062 59.52886962890625 -3.1248011566007348
746.3685913085938 59.410526275634766 -3.1256360576024744
738.3139038085938 59.2818489074707 -3.12562114390037
730.2592163085938 59.15475845336914 -3.1258778726294536
722.2045288085938 59.02804946899414 -3.1258778726294536
714.1498413085938 58.90134048461914 -3.1258778726294536
706.0951538085938 58.77463150024414 -3.1258778726294536
697.2349853515625 58.63525390625 -3.1258778726294536
689.9857788085938 58.52004623413086 -3.1257601609092722
681.9310913085938 58.39236068725586 -3.1257487093165848
673.8764038085938 58.26467514038086 -3.1257487093165848
665.8217163085938 58.13698959350586 -3.1257487093165848
656.9615478515625 57.99653625488281 -3.1257487093165848
648.9067993164062 57.8694953918457 -3.1258778726294536
641.6575927734375 57.75545883178711 -3.1258778726294536
632.7974243164062 57.61590576171875 -3.1258773399972357
624.7427368164062 57.48896408081055 -3.1257401872010964
617.4935302734375 57.37489700317383 -3.1258773399972357
609.4388427734375 57.24818801879883 -3.1258773399972357
601.3841552734375 57.121131896972656 -3.1256403186602184
593.3294677734375 56.99322509765625 -3.125801706222277
585.2747802734375 56.86602783203125 -3.125801706222277
577.2200927734375 56.73883056640625 -3.125801706222277
569.1654052734375 56.61143493652344 -3.1258022388544955
561.1107177734375 56.48423767089844 -3.1258022388544955
553.0560302734375 56.35704040527344 -3.1258022388544955
545.0013427734375 56.22984313964844 -3.1258022388544955
536.9466552734375 56.10264587402344 -3.1258022388544955
528.8919677734375 55.97544860839844 -3.1258022388544955
520.8372802734375 55.84825134277344 -3.1258022388544955
512.7845458984375 55.62373352050781 -3.098901914999714
504.745849609375 55.09687042236328 -3.05736139568444
496.78631591796875 53.91436767578125 -2.949200570120289
488.9524230957031 52.02499771118164 -2.8749026367648223
481.4659118652344 49.12018585205078 -2.682471404827294
474.5553894042969 44.98965072631836 -2.5563241218929655
467.97747802734375 40.337100982666016 -2.5059459025002635
461.5784912109375 35.445640563964844 -2.48227013409335
455.22607421875 30.488492965698242 -2.4771028026302693
448.8892822265625 25.513906478881836 -2.475820756881505
441.9216003417969 20.037330627441406 -2.4753861289916044
436.22119140625 15.555609703063965 -2.4752569656787355
429.88824462890625 10.575286865234375 -2.475076935989046
423.5542907714844 5.5961527824401855 -2.475385063727168
417.2203063964844 0.617082953453064 -2.475385063727168
410.8863220214844 -4.361991882324219 -2.475385063727168
404.5523376464844 -9.341084480285645 -2.475385063727168
398.2183532714844 -14.320152282714844 -2.475385063727168
391.884521484375 -19.29996681213379 -2.475256699362626
385.550537109375 -24.279823303222656 -2.475256699362626
379.216552734375 -29.259681701660156 -2.475256699362626
372.882568359375 -34.239540100097656 -2.475256699362626
366.548583984375 -39.219398498535156 -2.475256699362626
360.214599609375 -44.1993408203125 -2.475256699362626
353.880615234375 -49.1793212890625 -2.475256699362626
347.546630859375 -54.1593017578125 -2.475256699362626
341.212646484375 -59.1392822265625 -2.475256699362626
334.878662109375 -64.1192626953125 -2.475256699362626
327.9112854003906 -69.59723663330078 -2.475256699362626
322.2115478515625 -74.0792236328125 -2.475256699362626
315.8785400390625 -79.0592041015625 -2.475256699362626
309.5455322265625 -84.03917694091797 -2.475256699362626
303.2125244140625 -89.01915740966797 -2.475256699362626
296.8795166015625 -93.99913787841797 -2.475256699362626
290.5465087890625 -98.97911834716797 -2.475256699362626
284.2135009765625 -103.95909881591797 -2.475256699362626
277.87908935546875 -108.93763732910156 -2.4754588332893634
270.9110412597656 -114.41455078125 -2.475461230134345
265.2103576660156 -118.89580535888672 -2.475406901648107
258.87701416015625 -123.87567138671875 -2.475214621417403
252.5440216064453 -128.8556671142578 -2.4752260730100906
246.2110137939453 -133.8356475830078 -2.4752260730100906
239.8780059814453 -138.8156280517578 -2.4752260730100906
232.9116973876953 -144.29359436035156 -2.4752260730100906
227.21072387695312 -148.77427673339844 -2.475482801739174
220.87667846679688 -153.7528533935547 -2.475352573161869
214.54364013671875 -158.73269653320312 -2.4752247414295456
208.2098846435547 -163.71173095703125 -2.475499047021823
201.87551879882812 -168.69058227539062 -2.4754606975021263
195.54244995117188 -173.6700897216797 -2.475330202608712
189.20944213867188 -178.6495819091797 -2.475330202608712
182.87600708007812 -183.62939453125 -2.475432734310681
176.5427703857422 -188.60882568359375 -2.475330202608712
170.20895385742188 -193.58798217773438 -2.475266286742551
163.87591552734375 -198.5681915283203 -2.4752796025480013
157.5419921875 -203.54698181152344 -2.475406901648107
150.5751190185547 -209.02413940429688 -2.475142449751862
144.87457275390625 -213.505615234375 -2.4753318005053666
138.54058837890625 -218.485107421875 -2.4753318005053666
132.20660400390625 -223.464599609375 -2.4753318005053666
125.87262725830078 -228.444091796875 -2.4753318005053666
119.53864288330078 -233.423583984375 -2.4753318005053666
112.57125854492188 -238.90103149414062 -2.4753318005053666
106.87067413330078 -243.382568359375 -2.4753318005053666
99.9053955078125 -248.8621063232422 -2.475078800201809
93.57215881347656 -253.84188842773438 -2.475296913095087
87.87190246582031 -258.322998046875 -2.4754375280006427
81.53838348388672 -263.3024597167969 -2.475451110122202
75.2049560546875 -268.2818603515625 -2.475349910000779
68.8716049194336 -273.2615966796875 -2.4753935858426566
62.537620544433594 -278.2410583496094 -2.475386395307713
56.203636169433594 -283.2205505371094 -2.475386395307713
49.869651794433594 -288.2000427246094 -2.475386395307713
43.535667419433594 -293.1795349121094 -2.475386395307713
37.20209503173828 -298.1591491699219 -2.4752569656787355
30.86913299560547 -303.13909912109375 -2.4750913170589324
24.53648567199707 -308.11956787109375 -2.4751304655269566
18.20349884033203 -313.09967041015625 -2.475394651107092
11.236198425292969 -318.57708740234375 -2.475386395307713
5.53569221496582 -323.05865478515625 -2.475386395307713
-0.7981896996498108 -328.03802490234375 -2.475386395307713
-7.765463829040527 -333.514404296875 -2.475386395307713
-13.465984344482422 -337.99505615234375 -2.475386395307713
-19.799907684326172 -342.97357177734375 -2.475386395307713
-26.13294792175293 -347.9535827636719 -2.47517254347218
-32.465702056884766 -352.93377685546875 -2.475108627606018
-38.79847717285156 -357.9140930175781 -2.4751613581956016
-45.13204574584961 -362.89312744140625 -2.4751903866514833
-51.46617889404297 -367.8721008300781 -2.4755248796843974
-57.80065155029297 -372.8506164550781 -2.4755248796843974
-64.13311767578125 -377.8320617675781 -2.4750343254116047
-70.465576171875 -382.81378173828125 -2.475470817514269
-76.80007934570312 -387.79229736328125 -2.4755118301950563
-83.76813507080078 -393.2686767578125 -2.4755118301950563
-89.46855926513672 -397.75006103515625 -2.4752018382441707
-95.80156707763672 -402.73052978515625 -2.4752018382441707
-102.13530731201172 -407.7095642089844 -2.4753839984627324
-108.46920776367188 -412.688232421875 -2.4752838636057453
-114.86727905273438 -417.5821838378906 -2.5039226990201304
-121.8697738647461 -421.48748779296875 -2.762969709832683
-129.6172637939453 -423.6826171875 -2.919334017443377
-137.52578735351562 -425.1944580078125 -2.971996962735258
-145.5109405517578 -426.2620849609375 -3.0236052962354676
-153.51844787597656 -427.1506042480469 -3.034654218965988
-162.33169555664062 -428.0811767578125 -3.0370768966096335
-169.5431671142578 -428.8358154296875 -3.0374215096546897
-177.5558624267578 -429.6736755371094 -3.0374513370588985
-185.5685577392578 -430.5101013183594 -3.037705136310783
-194.3825225830078 -431.42962646484375 -3.037705136310783
-201.5939483642578 -432.1819763183594 -3.037705136310783
-209.60662841796875 -433.0179138183594 -3.037705136310783
-217.61932373046875 -433.8538513183594 -3.037705136310783
-225.63201904296875 -434.6897888183594 -3.037705136310783
-233.6446990966797 -435.525390625 -3.0378414901585953
-241.6573944091797 -436.359375 -3.037832701726998
-249.67010498046875 -437.1962890625 -3.037397807520988
-257.68280029296875 -438.0324401855469 -3.037552537180322
-265.69549560546875 -438.8684997558594 -3.0375229760922218
-273.70819091796875 -439.7044372558594 -3.0375229760922218
-281.72088623046875 -440.5403747558594 -3.0375229760922218
-289.73358154296875 -441.3763122558594 -3.0375229760922218
-297.74627685546875 -442.2122497558594 -3.0375229760922218
-305.75897216796875 -443.0481872558594 -3.0375229760922218
-313.77166748046875 -443.8841247558594 -3.0375229760922218
-321.78436279296875 -444.7200622558594 -3.0375229760922218
-329.79736328125 -445.5559997558594 -3.0375229760922218
-337.81103515625 -446.3919372558594 -3.0375229760922218
-345.82470703125 -447.2278747558594 -3.0375229760922218
-353.83837890625 -448.0638122558594 -3.0375229760922218
-361.8520202636719 -448.8994140625 -3.0379216513074065
-369.8677978515625 -449.7076110839844 -3.044319096877995
-377.8885803222656 -450.4664611816406 -3.0486390104822125
-385.9112854003906 -451.2096862792969 -3.049632103252703
-393.9347229003906 -451.9498291015625 -3.049593753733006
-402.760498046875 -452.7624206542969 -3.0497863002798185
-409.9815979003906 -453.42535400390625 -3.0500547469176986
-418.0050354003906 -454.1632995605469 -3.0497447549668135
-426.830810546875 -454.9754333496094 -3.0497447549668135
-434.854248046875 -455.7137145996094 -3.0497447549668135
-442.0753479003906 -456.3781433105469 -3.0497447549668135
-450.0987854003906 -457.1170349121094 -3.049873651963573
-458.1222229003906 -457.8553161621094 -3.049873651963573
-466.1456604003906 -458.5935974121094 -3.049873651963573
-474.1690979003906 -459.3318786621094 -3.049873651963573
-482.1925354003906 -460.0701599121094 -3.049873651963573
-490.2159729003906 -460.8084411621094 -3.049873651963573
-498.2394104003906 -461.5467224121094 -3.049873651963573
-506.2628479003906 -462.2850036621094 -3.049873651963573
-514.2862548828125 -463.02337646484375 -3.0497428907540503
-522.3096923828125 -463.76165771484375 -3.0497428907540503
-530.3331298828125 -464.49993896484375 -3.0497428907540503
-538.3565673828125 -465.23822021484375 -3.0497428907540503
-546.3800048828125 -465.9775695800781 -3.0497154601948226
-554.4034423828125 -466.71588134765625 -3.0497428907540503
-562.4268798828125 -467.45416259765625 -3.0497428907540503
-570.4503173828125 -468.19244384765625 -3.0497428907540503
-578.4737548828125 -468.93072509765625 -3.0497428907540503
-586.4971923828125 -469.66900634765625 -3.0497428907540503
-594.5206298828125 -470.40728759765625 -3.0497428907540503
-603.346435546875 -471.2193908691406 -3.0497428907540503
-610.5675048828125 -471.88385009765625 -3.0497428907540503
-618.5909423828125 -472.62213134765625 -3.0497428907540503
-626.6143798828125 -473.36041259765625 -3.0497428907540503
-634.6378173828125 -474.09954833984375 -3.0494789714900237
-642.6612548828125 -474.8391418457031 -3.0497450212829222
-651.487060546875 -475.6512451171875 -3.0497428907540503
-658.7081298828125 -476.3157043457031 -3.0497428907540503
-666.7315673828125 -477.0539855957031 -3.0497428907540503
-674.7550048828125 -477.7922668457031 -3.0497428907540503
-682.7784423828125 -478.5305480957031 -3.0497428907540503
-690.8018798828125 -479.2688293457031 -3.0497428907540503
-699.6276245117188 -480.0809326171875 -3.0497428907540503
-707.6510620117188 -480.8192138671875 -3.0497428907540503
-714.8721923828125 -481.4836730957031 -3.0497428907540503
-722.8956298828125 -482.2219543457031 -3.0497428907540503
-730.9190673828125 -482.9602355957031 -3.0497428907540503
-738.9425048828125 -483.6985168457031 -3.0497428907540503
-746.9659423828125 -484.4367980957031 -3.0497428907540503
-755.7916870117188 -485.2489013671875 -3.0497428907540503
-763.0128173828125 -485.9133605957031 -3.0497428907540503
-771.0362548828125 -486.6516418457031 -3.0497428907540503
-779.8619995117188 -487.4637451171875 -3.0497428907540503
-787.0831298828125 -488.1282043457031 -3.0497428907540503
-795.1065673828125 -488.8664855957031 -3.0497428907540503
-803.1300048828125 -489.6047668457031 -3.0497428907540503
-811.1534423828125 -490.3448791503906 -3.0497151938787135
-819.1768798828125 -491.0833435058594 -3.0496427558970636
-827.2003173828125 -491.822021484375 -3.049870456170265
-835.2237548828125 -492.560302734375 -3.049870456170265
-843.2471923828125 -493.2987365722656 -3.0497407602251783
-852.0745239257812 -494.0904235839844 -3.057031430025379
-859.3067016601562 -494.6172180175781 -3.0786126222349455
-867.3544921875 -494.96795654296875 -3.1089726586618487
-875.3798217773438 -495.1463928222656 -3.1289317194514474
-883.208740234375 -494.8977966308594 3.065153272401794
-890.5785522460938 -492.21142578125 2.4473651469501174
-894.0848388671875 -485.0347595214844 1.8599427837216878
-896.0951538085938 -477.2548828125 1.8168180830319802
-898.2536010742188 -468.6494140625 1.8165429784913751
-900.0198364257812 -461.6203918457031 1.81717254977307
-901.9852905273438 -453.8062438964844 1.8171367302564083
-903.9503173828125 -445.9931640625 1.817266159885386
-905.9151611328125 -438.1800537109375 1.8172662930434411
-907.8676147460938 -430.3635559082031 1.813984346474082
-909.739013671875 -422.5275573730469 1.7992984778008942
-911.6635131835938 -413.8769836425781 1.7814015026433436
-913.1403198242188 -406.7780456542969 1.7729238619452943
-914.7366333007812 -398.8810119628906 1.7691190036958984
-916.3198852539062 -390.9816589355469 1.768298750080154
-918.0570678710938 -382.2914123535156 1.7683621333140982
-919.4794921875 -375.1813659667969 1.7680964829953625
-921.0601196289062 -367.2809753417969 1.7682339021076103
-922.6393432617188 -359.3806457519531 1.7683402953931595
-923.9593505859375 -351.4371032714844 1.7006972021276374
-922.9049682617188 -343.56158447265625 1.2414770169306413
-918.4408569335938 -336.92193603515625 0.8746428886339029
-912.923095703125 -331.0501403808594 0.8079781075948214
-906.554443359375 -324.8937072753906 0.7376341029307683
-900.5025634765625 -319.5737609863281 0.7134901508042187
-895.0061645507812 -314.84490966796875 0.7092775625919313
-888.8895263671875 -309.60223388671875 0.7083155622271675
-882.772216796875 -304.3616027832031 0.7082277444902222
-876.6278686523438 -299.1509704589844 0.6990284537157888
-870.4219360351562 -294.013427734375 0.6853598459999843
-864.1627807617188 -288.94146728515625 0.6792499552480974
-857.8755493164062 -283.90484619140625 0.6710197887943435
-850.8922729492188 -278.44818115234375 0.6556262516404947
-845.112548828125 -274.0702819824219 0.6434301056913952
-838.64453125 -269.2673645019531 0.6364847147265229
-831.5128784179688 -264.0064697265625 0.6349725718595761
-825.6682739257812 -259.7145080566406 0.6317096668920109
-819.1382446289062 -254.99581909179688 0.6193948771163483
-812.5391845703125 -250.37413024902344 0.6055998358277923
-805.1911010742188 -245.4214324951172 0.5848353019664992
-799.1085815429688 -241.4741973876953 0.5692142642765303
-792.2742919921875 -237.20849609375 0.5516681938821115
-785.3831176757812 -233.0350341796875 0.5408535294589768
-778.4697265625 -228.89881896972656 0.5382298497320577
-771.5487060546875 -224.77114868164062 0.5378202555564037
-764.6268310546875 -220.64419555664062 0.5378202555564037
-757.7049560546875 -216.51724243164062 0.5378202555564037
-750.7830810546875 -212.39028930664062 0.5378202555564037
-743.8612060546875 -208.26333618164062 0.5378202555564037
-736.9393310546875 -204.13638305664062 0.5378202555564037
-730.0174560546875 -200.00942993164062 0.5378202555564037
-722.4034423828125 -195.46978759765625 0.5378202555564037
-715.4851684570312 -191.33932495117188 0.5390006018410404
-709.28076171875 -187.5856170654297 0.5475035758589593
-702.4298095703125 -183.34580993652344 0.5567921823984512
-695.5961303710938 -179.07806396484375 0.5590521076099788
-688.7679443359375 -174.80381774902344 0.559357372449929
-681.9398193359375 -170.5285186767578 0.5594319409604512
-675.1116333007812 -166.2513885498047 0.5597402684356552
-668.2962646484375 -161.95407104492188 0.5664546967549903
-660.8825073242188 -157.09922790527344 0.5903527725338978
-654.8999633789062 -153.00241088867188 0.6073969369313778
-647.7196655273438 -147.80899047851562 0.636556620075955
-641.9332885742188 -143.4393310546875 0.653012625346691
-635.559326171875 -138.511962890625 0.6601258620392655
-629.2144165039062 -133.54681396484375 0.6680939734417553
-622.9089965820312 -128.5319061279297 0.6735348115487872
-615.9884643554688 -122.99600219726562 0.6752148001434365
-610.3302612304688 -118.46171569824219 0.6757265931259226
-604.0431518554688 -113.42344665527344 0.6755454981717971
-597.127197265625 -107.88209533691406 0.6755476952796965
-591.4688720703125 -103.34748840332031 0.6755743934696244
-585.1788330078125 -98.31317138671875 0.6736904067354753
-578.8598022460938 -93.31539154052734 0.6643011659962916
-572.4752807617188 -88.401611328125 0.6517801809732298
-566.04736328125 -83.54496002197266 0.6401508222831259
-558.7879028320312 -78.47024536132812 0.5724653847562718
-552.5223999023438 -74.82275390625 0.504904416720865
-545.3375854492188 -71.18341064453125 0.4438633663766765
-537.94384765625 -67.98973846435547 0.37915401136798577
-530.3441772460938 -65.3248062133789 0.3055899120508904
-522.5517578125 -63.28791046142578 0.23504079404863065
-514.6947021484375 -61.50386047363281 0.21846795922982445
-506.822021484375 -59.79471206665039 0.21080654411637087
-498.9403381347656 -58.1235237121582 0.20826111139122988
-491.0580749511719 -56.45606994628906 0.20982811537663254
-483.18121337890625 -54.76310348510742 0.21249339035082704
-475.3062438964844 -53.059326171875 0.21335309204021827
-466.6551513671875 -51.13718032836914 0.22714879911904667
-459.61053466796875 -49.42055892944336 0.246921704948449
-451.8738098144531 -47.194793701171875 0.3202469187157643
-444.649169921875 -43.67365646362305 0.5312245043531455
-438.28240966796875 -38.79889678955078 0.7906529131233108
-433.85455322265625 -31.198802947998047 1.2068824212124576
-432.3595275878906 -24.118696212768555 1.4268874904444482
-431.3542785644531 -16.13014030456543 1.4496722983086758
-430.3372497558594 -8.136178016662598 1.4393445596013488
-427.8786926269531 -0.5040149092674255 1.1842450193145657
-424.14556884765625 6.638319492340088 1.0529999134216075
-419.5680847167969 13.24839973449707 0.9108217323055474
-414.22271728515625 19.262006759643555 0.781993245364755
-407.9193420410156 24.23772621154785 0.5550445162226002
-400.3667907714844 26.887372970581055 0.20184770349885792
-392.3822326660156 26.57296371459961 -0.20833647885007914
-384.8222961425781 23.830760955810547 -0.4011408695905982
-377.630615234375 20.202884674072266 -0.4892856760073364
-370.5637512207031 16.33370590209961 -0.5045643310496619
-363.51702880859375 12.428854942321777 -0.5067566452590151
-355.7691955566406 8.125561714172363 -0.5070962648770275
-349.432373046875 4.601075649261475 -0.5088404689434611
-342.4139709472656 0.6443639397621155 -0.5179103300889168
-335.4508056640625 -3.408017873764038 -0.5327058211304746
-328.5474548339844 -7.561402320861816 -0.5496046768009772
-321.7148742675781 -11.830431938171387 -0.5638415365143772
-314.95611572265625 -16.215023040771484 -0.5823970448304769
-308.25836181640625 -20.692691802978516 -0.5933118774001123
-301.5870056152344 -25.20964241027832 -0.5958075922366529
-294.25494384765625 -30.18754005432129 -0.5965163259817503
-288.2569580078125 -34.26185989379883 -0.5969642696771016
-281.5936279296875 -38.79037094116211 -0.5967153306942065
-274.91448974609375 -43.295654296875 -0.5889068757990668
-268.1834411621094 -47.72301483154297 -0.5771679280301062
-261.38714599609375 -52.04903030395508 -0.5599922034747767
-254.52549743652344 -56.271141052246094 -0.5453094973053838
-247.60659790039062 -60.39863586425781 -0.5345087811884583
-240.66539001464844 -64.48885345458984 -0.5315089632470794
-233.70567321777344 -68.54716491699219 -0.5243874041760986
-226.5100555419922 -72.14839172363281 -0.41421296251173856
-218.7948760986328 -74.42589569091797 -0.23156741613116527
-210.83120727539062 -75.35382843017578 0.02207334229841816
-202.35650634765625 -73.028076171875 0.41070225040474156
-195.17965698242188 -69.3641128540039 0.5098824307199546
-189.6971893310547 -64.68034362792969 0.8090907097192291
-184.8504638671875 -58.25780487060547 0.9626659552993111
-180.3740997314453 -51.552894592285156 0.9932937725738217
-176.0262451171875 -44.77455520629883 1.0032826240324366
-171.70497131347656 -37.97268295288086 1.005545312273595
-167.39236450195312 -31.16840171813965 1.0058948521666675
-163.08067321777344 -24.362335205078125 1.0062031130628446
-158.768798828125 -17.556734085083008 1.0060204867910922
-154.4574737548828 -10.750728607177734 1.0061296763957859
-150.1459503173828 -3.9447414875030518 1.0061296763957859
-145.40283203125 3.5414228439331055 1.0059992480813986
-141.5228271484375 9.666895866394043 1.0063730227403915
-137.2119903564453 16.473169326782227 1.0060972524095138
-132.89999389648438 23.27880096435547 1.006106773210411
-128.58163452148438 30.080312728881836 1.0021893298259317
-124.18183135986328 36.829219818115234 0.984598018982495
-119.51472473144531 43.3936767578125 0.9277587044691518
-113.8780746459961 49.064300537109375 0.6313964791478179
-106.71156311035156 52.644187927246094 0.3217052324391779
-98.82018280029297 54.270320892333984 0.16563820018516365
-90.84158325195312 55.34908676147461 0.11283023744954954
-82.80897521972656 55.94440841674805 0.04308516106989834
-74.75560760498047 56.16681671142578 0.020671989013413064
-66.70014190673828 56.30205535888672 0.015543273386138465
-58.64435577392578 56.4217529296875 0.014368820385710824
-50.58845138549805 56.53647994995117 0.014220747588805118
-42.53475570678711 56.73815155029297 0.03496517874505754
-34.488746643066406 57.14105224609375 0.06360855401686338
-26.46222686767578 57.82395553588867 0.09972053570039029
-18.460538864135742 58.75581359863281 0.13117306738547135
-10.520353317260742 60.10361099243164 0.18687905705217447
-2.8817291259765625 62.59528350830078 0.40475707616627593
4.134457111358643 66.53243255615234 0.5695300486027863
10.836692810058594 71.0027084350586 0.5951432667027325
17.41520118713379 75.64822387695312 0.6409331924323642
23.68009376525879 80.71424865722656 0.7001214150271574
29.74956703186035 86.00981140136719 0.7284292195180454
35.68870162963867 91.4539794921875 0.7504710054381409
41.482635498046875 97.05109405517578 0.7785791394263005
47.20018005371094 102.72686004638672 0.7754736938581862
53.20506286621094 108.09217834472656 0.6913253934207891
59.76741027832031 112.75289916992188 0.5781965740011497
66.81084442138672 116.6386947631836 0.4348118144637152
74.41189575195312 119.27941131591797 0.2812418286267864
82.25369262695312 121.1024398803711 0.17743122676900938
90.23636627197266 122.1785888671875 0.11431894449890383
98.23163604736328 123.15764617919922 0.1422283983473651
106.16019439697266 124.5748519897461 0.2058935611821495
113.98291778564453 126.48934173583984 0.2621965316967074
121.70136260986328 128.79371643066406 0.3173584541974643
129.16835021972656 131.79672241210938 0.42949827545678915
137.0768585205078 135.79486083984375 0.48981904059465203
143.4215545654297 139.30267333984375 0.5107415664876145
150.43814086914062 143.26499938964844 0.5155353230287842
157.44338989257812 147.24313354492188 0.5169548211793101
164.42919921875 151.25680541992188 0.5263760531410883
172.06056213378906 155.76229858398438 0.5399864707870741
178.2444610595703 159.54823303222656 0.5552321359213964
185.0657501220703 163.83547973632812 0.5650325021538607
192.53823852539062 168.60031127929688 0.568375301954128
198.64678955078125 172.50697326660156 0.5692329064041609
205.4333953857422 176.84890747070312 0.5690932901840132
212.21975708007812 181.19114685058594 0.5692755835606292
219.0053253173828 185.53440856933594 0.5694043473993347
225.69134521484375 190.01947021484375 0.634803660867438
231.36561584472656 196.72720336914062 1.0428277699009685
233.31204223632812 203.63534545898438 1.460729876312739
232.30776977539062 211.57569885253906 1.810262845166805
230.20721435546875 219.35704040527344 1.8407938565356916
228.04269409179688 227.11676025390625 1.8433905717565735
225.87969970703125 234.87710571289062 1.837029611492919
224.09402465820312 242.729248046875 1.7538953096405694
223.96409606933594 250.6648712158203 1.35418186110474
227.27606201171875 258.02410888671875 1.0902834363134173
231.0526123046875 265.1213684082031 1.079920477300674
235.2362518310547 272.9421081542969 1.0793866466601674
238.65573120117188 279.33331298828125 1.0800014373978122
242.4036102294922 286.4651184082031 1.0938298347790216
245.9194793701172 293.71197509765625 1.139707511666571
249.4490203857422 301.8401794433594 1.18235417494061
252.1592559814453 309.4222717285156 1.2626049391226761
254.11509704589844 316.4046630859375 1.3212456157973487
255.9182586669922 324.25347900390625 1.3562245056608309
257.7626037597656 332.9230651855469 1.3634986638622733
259.2462463378906 340.0202331542969 1.3657963060927392
260.8437194824219 347.91656494140625 1.3779555006817137
262.30157470703125 355.84014892578125 1.3961247840607247
263.6896057128906 364.59197998046875 1.4263456703206716
264.6514892578125 371.7790222167969 1.4454992580385764
265.5047912597656 379.7895202636719 1.4758923176629963
266.16925048828125 387.8186950683594 1.498001082084507
266.71405029296875 396.6639709472656 1.5145283934934295
267.1002197265625 403.9049377441406 1.5188204770642564
267.513671875 411.9512939453125 1.5198766867525815
267.8599853515625 419.99896240234375 1.5448378298596215
267.7838134765625 428.0537109375 1.6026365481556661
267.06451416015625 436.07135009765625 1.6910786632185977
265.860107421875 444.0391845703125 1.742302968889618
264.1327819824219 451.902099609375 1.815344689158894
262.0099792480469 459.6762390136719 1.8502358278644584
259.70928955078125 467.3959655761719 1.8639127579586696
257.36993408203125 475.10595703125 1.8662934908151456
255.0205535888672 482.8125305175781 1.866823859346235
252.6699676513672 490.51947021484375 1.8668531541182258
250.3583526611328 498.2375793457031 1.85647814430155
248.50680541992188 506.0739440917969 1.769524869446026
247.99415588378906 514.068359375 1.5035970493250361
249.2592010498047 522.02001953125 1.361672800618915
251.56466674804688 529.722900390625 1.2013137513731016
256.4740295410156 537.0109252929688 0.8501611811021044
261.35430908203125 542.3699340820312 0.8287631477965083
267.34820556640625 548.9039306640625 0.8284894414154754
272.2486572265625 554.2459106445312 0.8284894414154753
277.69586181640625 560.1830444335938 0.8284978969519364
283.1424865722656 566.1192626953125 0.8283609438928791
288.58843994140625 572.0563354492188 0.828724199065566
294.0398254394531 577.9891967773438 0.8251748045437356
299.5366516113281 583.8793334960938 0.8147679033730054
305.1266174316406 589.6806030273438 0.7955744348177773
310.8186340332031 595.3824462890625 0.7793220282123782
316.59637451171875 600.9971313476562 0.7677507264340383
322.42535400390625 606.5577392578125 0.7498638047096029
328.537841796875 611.7952270507812 0.6532810719845711
335.4848327636719 615.8417358398438 0.4559205951854149
343.0817565917969 618.332275390625 0.14908870131540922
351.0789489746094 617.5994262695312 -0.18210906922373357
358.8675231933594 615.5750732421875 -0.30749393907224265
366.433349609375 612.8053588867188 -0.3673345695550778
373.9046325683594 609.7910766601562 -0.3931029833675483
382.02777099609375 606.25 -0.4235846263877274
388.61651611328125 603.2218627929688 -0.43380027930267584
395.93353271484375 599.8510131835938 -0.42853234692941744
403.2882995605469 596.5625610351562 -0.4127102738666613
411.43878173828125 593.082763671875 -0.39862208512111486
418.1375732421875 590.3079223632812 -0.3905317013350769
425.5908203125 587.2491455078125 -0.38890890412483703
433.0476379394531 584.1973266601562 -0.3883423166029226
440.5046691894531 581.146484375 -0.38831302183093175
447.9621276855469 578.0982666015625 -0.3876550545941141
455.4971923828125 575.2548828125 -0.33411865904371435
463.19384765625 572.874755859375 -0.27408323497189674
471.04156494140625 571.0938110351562 -0.18080012554795963
479.0340576171875 570.078125 -0.0845620141903626
487.8808898925781 569.8257446289062 0.011346664140391602
495.1262512207031 570.1541137695312 0.07326571708408712
503.1233825683594 571.0888671875 0.14035088642361607
511.0818786621094 572.3475341796875 0.1651401890613189
519.0211791992188 573.7174682617188 0.17386259090830322
527.7471313476562 575.2643432617188 0.17675638174878328
534.8761596679688 576.58740234375 0.19180009604869333
542.758056640625 578.2534790039062 0.21802747238552525
550.6192016601562 580.0154418945312 0.21312514209566427
558.5164184570312 581.603515625 0.2066871665422363
567.1275634765625 583.6898803710938 0.26140876864626206
574.7908935546875 586.1364135742188 0.3766874248558679
581.10009765625 589.662353515625 0.6116141856755729
586.8134765625 595.3153686523438 0.8401620098942656
591.563232421875 601.796630859375 1.0345063901798799
593.7222290039062 610.2796630859375 1.500307779062679
593.8049926757812 617.5209350585938 1.604728328033869
590.9619750976562 625.7850952148438 2.108923844562068
585.45166015625 631.6103515625 2.430036756685299
579.6766967773438 635.9735717773438 2.548443029279094
572.7986450195312 640.1788940429688 2.612637728407127
565.6862182617188 643.9482421875 2.6843729018456104
558.3914184570312 647.3727416992188 2.712769389600798
551.0392456054688 650.6640625 2.7235767636204486
543.67138671875 653.9235229492188 2.725805563136736
536.3002319335938 657.1749877929688 2.726515029251133
528.923828125 660.4160766601562 2.73034385595034
521.5224609375 663.5987548828125 2.738675555420653
514.1010131835938 666.7349243164062 2.7430213016874445
505.8875427246094 670.0570678710938 2.7824525974193755
498.2415466308594 672.5896606445312 2.855459430278372
491.2027893066406 674.3184814453125 2.9253836541756013
483.2457275390625 675.5134887695312 3.031205957986554
475.2120666503906 676.1716918945312 3.0722569882934714
467.17132568359375 676.6365966796875 3.0878889449439093
459.12457275390625 677.0546875 3.0905510407695527
451.0784606933594 677.4606323242188 3.091553987236076
443.1394348144531 677.8580322265625 3.091670101059604
435.77734375 678.2738647460938 3.0753539783251242
429.3525390625 680.163818359375 2.5301191493988036
427.8912658691406 686.0452880859375 1.5610235908587418
432.2979736328125 691.305908203125 0.2711356649221538
440.4089050292969 691.7902221679688 0.07050242113702093
448.41943359375 692.4007568359375 0.07848659472983528
456.4648742675781 693.0436401367188 0.08019739276934537
464.5065002441406 693.691650390625 0.08080193865917176
472.5418701171875 694.3419189453125 0.0809281724948415
480.58258056640625 694.9922485351562 0.0808264480635789
489.4241943359375 695.706298828125 0.08096333454360896
497.46319580078125 696.35546875 0.08095640200239634
504.70721435546875 696.7271728515625 0.017692444385832413
512.5958251953125 695.2391967773438 -0.27573464451909807
520.3197631835938 692.9152221679688 -0.29622766910725773
528.0308227539062 690.5515747070312 -0.29798315831881084
535.7398071289062 688.1843872070312 -0.29826472102505935
544.2235717773438 685.5887451171875 -0.2948684249763949
551.1810302734375 683.5208740234375 -0.2842705085764791
558.9407958984375 681.322021484375 -0.26893241510757454
566.7320556640625 679.2387084960938 -0.2552835813628639
574.5554809570312 677.2821044921875 -0.23743499251336875
582.407958984375 675.4417724609375 -0.22493596192454304
590.2853393554688 673.7124633789062 -0.21210328718540086
598.1742553710938 672.031005859375 -0.2089559467643884
606.0648193359375 670.366455078125 -0.20797988158011754
613.9553833007812 668.7022705078125 -0.20756119936724352
621.8473510742188 667.041259765625 -0.2070301983353953
629.747314453125 665.4161376953125 -0.19874167536425524
637.6646118164062 663.8793334960938 -0.18658700814913362
645.6041870117188 662.46044921875 -0.1714939255005163
654.3525390625 660.986328125 -0.1648760867049671
661.5143432617188 659.8016357421875 -0.1636006988589281
669.4752807617188 658.4891357421875 -0.16356321486658534
677.4362182617188 657.1765747070312 -0.16343383517187782
685.3971557617188 655.864990234375 -0.16294181616048575
693.3580932617188 654.5567626953125 -0.16318098467113168
701.3189697265625 653.2529296875 -0.16062140390269966
709.2891235351562 652.0076904296875 -0.15129336593431772
717.2654418945312 650.8120727539062 -0.14749380071758797
725.2420043945312 649.6316528320312 -0.14654371799870225
733.2185668945312 648.4559326171875 -0.14616316892368675
741.1951293945312 647.2802734375 -0.14634274920494214
749.1716918945312 646.1044921875 -0.14621341944450517
757.1482543945312 644.9287109375 -0.14621341944450517
765.9224853515625 643.6356201171875 -0.14621591615802715
773.1013793945312 642.577392578125 -0.14621591615802715
781.8756103515625 641.2840576171875 -0.14621591615802715
789.0545043945312 640.225830078125 -0.14621591615802715
797.0310668945312 639.050048828125 -0.14621591615802715
805.0076293945312 637.874267578125 -0.14621591615802715
812.9841918945312 636.6979370117188 -0.1466357468591213
820.9607543945312 635.5184326171875 -0.14667759177774917
828.9373168945312 634.3388671875 -0.1466778414491014
836.9138793945312 633.159423828125 -0.146649212467383
844.8904418945312 631.9821166992188 -0.14678826276579873
852.8670043945312 630.8024291992188 -0.1467802233482581
860.8435668945312 629.6227416992188 -0.1467802233482581
869.6177978515625 628.3250732421875 -0.1467802233482581
876.7966918945312 627.2633666992188 -0.1467802233482581
884.7732543945312 626.085693359375 -0.14652131415603192
892.7498168945312 624.909912109375 -0.14652131415603192
900.7263793945312 623.7299194335938 -0.14682999117112888
908.7029418945312 622.5482177734375 -0.14718795331114923
916.6749877929688 621.3259887695312 -0.1543752591715415
924.643798828125 620.0747680664062 -0.15630208950972743
932.6058349609375 618.7872924804688 -0.16502539017357962
940.541015625 617.3522338867188 -0.1904052820725211
948.4395751953125 615.718994140625 -0.21351143361178024
956.2980346679688 613.9124755859375 -0.2338755112689097
964.0466918945312 611.6968383789062 -0.31460684286968077
971.326171875 608.3308715820312 -0.5787559044090935
976.5081787109375 602.3048095703125 -1.0778463408646928
978.7138061523438 594.5717163085938 -1.3800081320918924
979.8404541015625 585.7762451171875 -1.48040517728819
980.4133911132812 578.5413818359375 -1.4964198301872722
980.935546875 570.4932861328125 -1.5139560801751721
981.317626953125 562.4371948242188 -1.5309193510545407
981.5411376953125 554.3756713867188 -1.5502423158177738
981.6298828125 546.3111572265625 -1.566027137914783
981.6416015625 537.4384765625 -1.5706792808649876
981.6371459960938 530.1787109375 -1.571359851681557
981.6293334960938 522.1123046875 -1.571359851681557
